1924
1927
1930
1933
1936
1939
1942
1945
1948
1951
1954
1957
1960
1963
1966
1969
1972
1975
1978
1981
1984
1987
1990
1993
1996
1999
2002
2005
2008
2011
2014
2017
2020
2023
2026
2029
2032
2035
2038
2041
2044
2047
2050
2053
2056
2059
2062
2065
2068
2071
2074
2077
2080
2083
2086
2089
3100
3103
3106
3109
3112
3115
3118
3121
3124
3127
3130
3133
3136
3139
3142
3145
3148
3151
3154
3157
3160
3163
3166
3169
3172
3175
3178
3181
3184
3187
3190
3193
3196
3199
3202
3205
3208
3211
3214
3217
3220
3223
3226
3229
3232
3235
3238
3241
3244
3247
3250
3253
3256
3259
3262
3265
5116
5119
5122
5125
5128
5131
5134
5137
5140
5143
5146
5149
5152
5155
5158
5161
5164
5167
5170
5173
5176
5179
5182
5185
5188
5191
5194
5197
5200
5203
5206
5209
5212
5215
5218
5221
5224
5227
5230
5233
5236
5239
5242
5245
5248
5251
5254
5257
5260
5263
5266
5269
5272
5275
5278
5281
8476
8479
8482
8485
8488
8491
8494
8497
8500
8503
8506
8509
8512
8515
8518
8521
8524
8527
8530
8533
8536
8539
8542
8545
8548
8551
8554
8557
8560
8563
8566
8569
8572
8575
8578
8581
8584
8587
8590
8593
8596
8599
8602
8605
8608
8611
8614
8617
8620
8623
8626
8629
8632
8635
8638
8641